557034762
556900198
556820731
556684397
556567009
556456983
556368295
556114277
556081674
556045765
555997240
555906951
555897929
555882771
555844933
555841026
555828775
555761459
555746327
555743598
555703765
555695962
555677492
555623624
555588133
555577578
555499932
555351180
555208460
555076796
554966204
554400685
554338876
554289897
554202740
554096320
553910814
553875050
553755499
553707711
553527313
553456710
552795096
552757997
552679135
552619454
552615770
552534027
552493917
552418258
552412703
552354777
552305712
552251581
552136931
551831752
551751186
551237187
551212534
551200568
551180470
551131715
551053770
550964932
550871834
550753117
550721116
550603650
550589896
550498679
550412426
550374354
550345673
550262396
550198576
549905033
549871145
549830140
549821588
549803852
549780240
549763174
549760112
549735130
549729229
549707073
549697935
549680103
549665595
549637335
549553824
549445842
549430954
549380875
549335616
549271144
549241194
549174325
549167693
549089300
549082504
548615364
548611905
548575673
548561518
548490691
548421142
548408676
548378078
548371968
548352282
548278984
548263089
548150443
548092068
548042389
548003880
547954789
547852895
547797705
547353328
547334263
547285041
547281953
547221826
547216683
547212421
547157794
547140352
547134989
547101415
547084175
547061054
547034286
547021839
546996571
546927502
546916710
546861965
546831009
546764566
546648717
546567148
546521956
546121854
546097105
546058019
546029569
546012937
545991131
545982747
545964857
545914328
545861533
545847594
545780321
545773329
545742894
545733349
545682310
545657790
545609390
545609167
545469903
545422050
545378777
545356606
545314781
545259705
545223009
545217665
545149591
545148148
544978340
544924128
544899858
544855807
544780396
544189674
544131272
544036373
543996692
543970108
543945929
543858183
543790338
543742961
543620163
543551055
543457906
543368530
543337450
543327116
543311402
543297277
543265998
543259012
543237948
543219791
543204877
543204846
543199670
543189459
543179209
543125619
543118487
543104852
543098702
543085122
543083363
543067606
543064501
543056343
543056001
543047021
543045699
543045310
542919859
542898038
542623141
542487791
542390297
542292679
542279606
542247920
542209492
542129803
542117385
542109729
542054831
542026084
541990587
541942724
541498871
541486045
541483074
541480807
541452586
541447580
541387756
541364364
541282942
541280517
541214266
541018871
540970809
540962568
540942949
540933908
540919666
540862981
540833638
540813461
540799817
540783307
540734779
540699380
540642973
540249481
540229629
540192913
540167084
540164058
540147013
540138737
540122965
540085709
540044630
540041593
539989546
539982325
539968894
539933090
539904592
539895617
539839329
539833568
539828307
539747240
539705217
539677412
539654670
539646146
539640268
539564239
539496212
539485555
539450966
539353053
538882608
538855139
538795371
538771142
538749356
538683368
538680953
538674462
538674319
538625884
538615658
538553344
538545158
538505338
538463234
538423153
538382352
538272183
538225202
538209343
538202577
538148951
538145576
537576825
537560870
537536521
537524963
537482602
537475520
537408463
537399112
537360699
537291793
537264460
537188476
537180747
537159756
537124850
537110737
537104407
537091843
537027265
536946123
536943533
536921150
536855284
536244008
536214334
536192120
536172216
536169765
536160832
536142990
536110479
536101060
536083286
536028045
535997960
535931802
535906685
535896439
535856419
535827740
535786720
535762823
535711531
535652366
535526040
535241157
535228186
535171837
535166696
535097886
535027595
534663730
534612329
534289334
534266750
534198316
534158800
534156935
534091803
534082082
534054303
534013857
533981270
533928017
533923778
533904671
533863876
533859216
533844486
533802195
533796093
533789275
533741600
533024719
533003393
532980794
532939218
532901939
532872932
532847823
532842918
532755298
532740181
532656838
532521709
532510956
532449027
531598784
531526624
531417847
531405826
531287259
531058104
531049549
530930641
530875754
530712229
530092355
530040439
529985443
529949788
529882274
529842298
529833628
529816343
529799677
529793236
529750504
529711220
529698566
529694667
529671892
529651533
529647693
529642357
529641553
529565454
529561017
529552458
529548608
529500080
529436776
529392904
529313543
529191451
529180414
529102361
529066010
529002714
528995896
528917301
528816761
528263043
528260519
528226053
528197604
528137508
528097972
528042591
528000457
527925840
527855910
527816431
527724049
527540415
527509674
527428181
527421372
526876759
526859335
526776739
526742141
526722825
526676770
526628256
526618482
526594115
526572685
526570237
526557947
526493458
526488562
526486395
526485396
526433736
526340860
526223480
526152768
526141194
526116801
526087304
526069599
525235737
525234361
525215508
525132299
525042222
525040756
524962547
524940413
524908644
524791141
524764645
524724896
524608001
524512457
524444987
524338294
557162694
557131768
557125337
557106666
558304732
558205722
557962785
557899906
557866786
557802848
557775603
557709066
557671402
557317407
557310503
557271517
557249297
557190300
